847
111
750
551
354
82
843
365
235
516
332
209
144
51
659
753
90
309
305
802
438
543
328
534
498
666
733
30
299
735
17
945
701
683
804
646
671
708
811
868
690
195
703
773
500
847
133
504
358
267
583
921
491
358
155
155
508
630
45
509
902
115
377
603
381
943
736
334
844
488
761
309
837
823
798
360
303
38
363
551
965
50
541
514
189
331
546
148
472
544
830
701
769
562
143
34
429
924
74
309
918
717
671
231
306
4
953
333
572
202
303
482
211
580
879
872
143
554
935
471
305
662
274
596
531
934
682
572
968
49
522
631
373
935
648
412
904
172
702
926
700
169
748
829
181
258
229
229
940
444
881
337
147
652
241
321
268
109
585
837
141
602
640
41
929
535
747
848
626
15
598
150
307
780
512
666
323
626
837
894
892
108
257
371
434
106
107
203
0
748
824
431
622
438
106
91
269
150
704
379
953
73
349
396
724
170
771
287
848
439
768
357
119
575
276
110
898
874
36
924
163
451
798
590
277
314
330
740
308
964
828
545
345
194
867
286
476
755
190
747
183
797
772
87
795
214
40
344
47
947
409
277
188
938
189
751
884
408
909
934
852
247
195
1
185
758
141
851
853
734
767
235
229
251
31
851
132
774
204
612
254
232
569
450
675
889
756
205
193
355
688
405
265
168
459
861
122
220
652
500
431
501
832
808
45
815
893
367
232
793
816
934
467
511
967
835
330
950
687
873
373
373
905
871
192
0
389
447
746
593
615
826
582
960
327
875
75
81
904
394
349
287
124
155
744
615
764
715
101
242
